0.0
0.0
0.0
0.0
0.0
0.0
0.0
0.0
0.0
0.0
0.0
0.0
0.0
0.0
0.0
0.0
0.0
0.0
0.0
0.0
0.0
0.0
0.0
0.0
0.0
0.0
0.0
0.0
0.0
0.0
0.0
0.0
0.0
0.0
0.0
0.0
0.0
0.0
0.0
0.0
0.0
0.0
0.0
0.0
0.0
0.0
0.0
0.0
0.0
0.0
0.0
0.0
0.0
0.0
0.0
0.0
0.0
0.0
0.0
0.0
0.0
0.0
0.0
0.0
0.0
0.0
0.0
0.0
0.0
0.0
0.0
0.0
0.0
0.0
0.0
0.0
0.0
0.0
0.0
0.0
0.0
0.0
0.0
0.0
0.0
0.0
0.0
0.0
0.0
0.0
0.0
0.0
0.0
0.0
0.0
0.0
0.0
0.0
0.0
0.0
0.0
0.0
0.0
1.4847040176391602
0.9473945498466492
0.6644856333732605
0.5777789354324341
0.5911781787872314
0.514901876449585
0.46133607625961304
0.4476863741874695
0.4020079970359802
0.336145281791687
0.3011259138584137
0.39333486557006836
0.3922111392021179
0.3013753890991211
0.30463477969169617
0.30380022525787354
0.2924126982688904
0.2684614658355713
0.24481114745140076
0.2801166772842407
0.2868947386741638
0.24535703659057617
0.2775881290435791
0.24630899727344513
0.2134539783000946
0.3919844627380371
0.2575085759162903
0.2671157419681549
0.25052767992019653
0.21338795125484467
0.2596796154975891
0.23452499508857727
0.18950800597667694
0.20001831650733948
0.16134342551231384
0.18168973922729492
0.16749787330627441
0.12868554890155792
0.1987861692905426
0.20050999522209167
0.15874359011650085
0.17534826695919037
0.1899471879005432
0.1388048380613327
0.1533290445804596
0.16110262274742126
0.1412813514471054
0.1316204071044922
0.14683306217193604
0.16416431963443756
