0.28428778052330017
0.03194700926542282
0.0352371484041214
0.01932142674922943
0.02236880175769329
0.02846752293407917
0.025647586211562157
0.03208605945110321
0.01144396886229515
0.018418140709400177
0.011376768350601196
0.01497734896838665
0.015024222433567047
0.009230028837919235
0.042052388191223145
0.007204867899417877
0.011902440339326859
0.01564924791455269
0.011629141867160797
0.01614217832684517
0.009889781475067139
0.010807977057993412
0.012475859373807907
0.004287114832550287
0.0031081868801265955
0.016507821157574654
0.002304892521351576
0.006066557951271534
0.002211065497249365
0.0047662220895290375
0.0023985293228179216
0.005949980579316616
0.001914562308229506
0.005472897551953793
0.001108109368942678
0.004301456734538078
0.0015769137535244226
0.003665190888568759
0.0012381091946735978
0.0030109435319900513
0.001395765459164977
0.003327702870592475
0.0011564374435693026
0.003007205668836832
0.0008987878682091832
0.002867310307919979
0.001316293142735958
0.0027778418734669685
0.001544264960102737
0.002873377874493599
0.001292614033445716
0.0029100128449499607
0.0011153444647789001
0.003624209202826023
0.0007564843399450183
0.00087265350157395
0.0009814684744924307
0.0038630226626992226
0.0007949633290991187
0.0041419644840061665
0.0012602864298969507
0.00414544390514493
0.0013081725919619203
0.0037178057245910168
0.002253918908536434
0.003793548559769988
0.002183825708925724
0.0035353554412722588
0.0016050843987613916
0.0028313929215073586
0.0027197476010769606
0.002106508705765009
0.0007124808616936207
0.0026466739363968372
0.0026491256430745125
0.0011491274926811457
0.0006677952478639781
0.001486684661358595
0.00023925631830934435
0.0016011020634323359
0.0014140778221189976
0.0012298068031668663
0.00033055635867640376
0.0017217927379533648
0.0008600844885222614
0.001681616180576384
0.0009731210884638131
0.001501257880590856
0.000735543086193502
0.0014995681121945381
0.0010607745498418808
0.0014541787095367908
0.0006193832959979773
0.0013781078159809113
0.0006849803612567484
0.001452443189918995
0.0008358210325241089
0.0010041004279628396
0.00024275740724988282
0.0014401276130229235
0.0014640713343396783
0.0013843672350049019
0.00046590104466304183
0.0014007894787937403
0.000823971931822598
0.0010940685169771314
0.00022330541105475277
0.001102307578548789
0.0008574313251301646
0.0011960221454501152
0.000649469846393913
0.0012047156924381852
0.0008080753614194691
0.0009545299108140171
0.0008091361960396171
0.0008306520758196712
0.000647461973130703
0.000949145236518234
0.0008448346052318811
0.0011708891252055764
0.000647239328827709
0.00048776791663840413
4.660472768591717e-05
0.0006723224651068449
0.0008463315898552537
0.0004762797325383872
0.00019966701802331954
0.000909636786673218
0.0008120500715449452
0.0006984277861192822
0.0009030114160850644
0.0008654767880216241
0.00037811737274751067
0.000679813208989799
0.0006913732504472136
0.0005261951591819525
0.0005462034023366868
0.00045539840357378125
0.0008052275516092777
0.0007117628119885921
0.0006528149242512882
0.00042122736340388656
0.0009327779989689589
0.00044694298412650824
0.0007670664344914258
0.00041168578900396824
0.00059389608213678
0.0005859354278072715
0.00041409983532503247
0.00046011852100491524
0.0002622694009914994
0.00038393493741750717
0.00024460285203531384
0.0004986401181668043
0.00011349291889928281
0.0002254591090604663
0.00012056317791575566
0.0003411514626350254
9.830360068008304e-05
0.00023684297048021108
0.000244652183027938
0.00029846123652532697
0.00017368480621371418
0.00022367728524841368
7.427991658914834e-05
0.0005176165141165257
0.0003020616713911295
0.00037203822284936905
0.00033298740163445473
0.00035089036100544035
0.00030684415833093226
0.0004451991117093712
0.00015543532208539546
0.00027645780937746167
0.00014346581883728504
0.0002615861303638667
0.00046557531459257007
0.00020755809964612126
0.00028665538411587477
0.0002810113946907222
0.0001886309328256175
0.0001476600591558963
3.207495319657028e-05
0.0003294413909316063
0.00028630264569073915
0.00021048876806162298
0.0002574646787252277
0.0002704933285713196
0.00029608490876853466
0.0003123236238025129
0.00018744071712717414
0.00019030648400075734
0.0002209030935773626
0.00022008763335179538
0.0002562078007031232
0.0001937501219799742
0.00021340313833206892
0.0002757353358902037
0.00021914177341386676
0.00028707162709906697
0.000363628554623574
0.00024806938017718494
0.00027510832296684384
0.00020969263277947903
0.00018971948884427547
0.0001974801707547158
0.0002601539599709213
0.00014124222798272967
0.0002269418619107455
0.00011516504309838638
7.465423550456762e-05
0.0002520405687391758
0.00018592478591017425
0.000262184243183583
0.00029469752917066216
0.00019009543757420033
0.0001537180651212111
0.00020267082436475903
0.00020215533731970936
0.000190761435078457
0.00021601762273348868
8.832049934426323e-05
0.00012123271153541282
3.355729131726548e-05
0.00035076908534392715
0.00032683851895853877
0.00011001397797372192
0.00038447268889285624
0.00011726511002052575
0.0003407377516850829
0.00027747327112592757
0.00013573517207987607
0.0002773909945972264
4.835930303670466e-05
0.00018008040206041187
7.904466474428773e-05
0.00013072314322926104
0.00021036867110524327
0.00016098871128633618
0.00018801378610078245
1.387354677717667e-05
0.00020992627833038568
0.00025860246387310326
0.00012716176570393145
0.0001896482426673174
7.49472455936484e-05
0.0002839800145011395
6.948570808162913e-05
0.0002303473011124879
0.0002651158138178289
0.00013387599028646946
7.99659319454804e-05
6.047255374141969e-05
0.00022612608154304326
8.097966201603413e-05
0.0001647805911488831
0.0002654976269695908
4.422464917297475e-05
0.0004246251774020493
0.0001748476643115282
0.00021865603048354387
8.558154513593763e-05
0.00022770848590880632
0.00014004329568706453
0.00018720653315540403
0.00020155969832558185
5.9537596825975925e-05
0.00014444338739849627
2.7536352718016133e-05
0.00024662999203428626
0.0001787654182408005
0.00027756934287026525
0.0002441209799144417
0.00010112603195011616
0.00019141500524710864
2.4664157535880804e-05
0.00019417463045101613
0.00015003436419647187
9.619304910302162e-05
0.00018951870151795447
3.9570091757923365e-05
0.00028787844348698854
0.00011364361853338778
0.0003136770101264119
0.0001216602249769494
0.00033398333471268415
6.178626790642738e-05
0.00017083475540857762
5.442744441097602e-05
0.00022614304907619953
8.804951357888058e-05
0.0001719904539640993
0.0001256597606698051
0.00012819143012166023
0.00017077506345231086
5.067003075964749e-05
0.0002908417664002627
0.00011783267837017775
0.00017922079132404178
0.00016114834579639137
0.00013982134987600148
0.0001871651184046641
5.064230936113745e-05
0.0002673338749445975
0.00016496994066983461
0.00016182527178898454
0.00019162114767823368
0.00010964740795316175
0.00016500704805366695
2.970957757497672e-05
0.00014134457160253078
5.957419125479646e-05
0.00019318835984449834
9.71257031778805e-06
0.00013686437159776688
9.879707067739218e-05
0.00010737395496107638
0.00011685493518598378
0.0002615111297927797
0.00010875993757508695
0.00013450003461912274
0.00010454162111273035
1.4931236364645883e-05
0.0002058153331745416
0.00015802515554241836
0.00013899545592721552
0.0001756788115017116
5.081157723907381e-05
0.00022842100588604808
3.94436574424617e-05
0.00017216757987625897
0.00011144846212118864
0.00016015328583307564
0.0001774457487044856
0.0002045843721134588
0.000209052610443905
0.00024151898105628788
0.00014215975534170866
0.00010754754475783557
0.0001644819712964818
4.2596344428602606e-05
0.00022644788259640336
0.00015427102334797382
0.00011915789218619466
0.00021293509053066373
0.00015488595818169415
0.0001547609717817977
0.0001051098806783557
0.00018212635768577456
0.0001430689007975161
3.270973320468329e-05
0.00018168039969168603
0.00012960025924257934
0.00016447700909338892
8.527231693733484e-05
6.247962301131338e-05
0.00017459163791500032
6.908358773216605e-05
0.00013843963097315282
0.000149989704368636
0.00016398723528254777
0.00011803158849943429
0.00014165029278956354
0.00013042504724580795
0.00014717852172907442
0.00018163271306548268
2.6714467821875587e-05
1.4754318726772908e-05
0.00010968245624098927
9.084035991691053e-05
3.860767901642248e-05
0.00011160316353198141
0.00041096433415077627
0.00019511404389049858
0.0001440249034203589
3.845780884148553e-05
3.741624459507875e-05
0.00023772036365699023
0.0001477036566939205
0.0002337405749130994
3.84852901333943e-05
0.00020968751050531864
2.620828672661446e-05
0.00010694960656110197
8.588054333813488e-05
0.00025958544574677944
2.9053902835585177e-05
0.00018686801195144653
6.0763545661757234e-06
0.00020968681201338768
4.9270351155428216e-05
7.954142347443849e-05
0.00028841017046943307
7.549744623247534e-05
0.00020985989249311388
7.81821072450839e-05
0.00020968751050531864
0.00016465094813611358
7.562673999927938e-05
0.00042894596117548645
8.383081876672804e-06
0.0001721736043691635
0.00034689356107264757
1.4243639725464163e-06
4.961986996931955e-05
0.0002880464307963848
1.4639520031778375e-06
0.00016469217371195555
5.047829108661972e-05
8.026763680391014e-05
8.383128260902595e-06
0.0002804730029311031
7.550643931608647e-05
0.0001623489079065621
0.00016457861056551337
4.9310368922306225e-05
4.9588794354349375e-05
0.00012486368359532207
0.00016477461031172425
8.388605237996671e-06
7.549744623247534e-05
4.9588794354349375e-05
0.00016477461031172425
8.388605237996671e-06
4.954850737703964e-05
8.85283516254276e-05
0.0001440249034203589
4.9588794354349375e-05
0.00016457879974041134
8.383081876672804e-06
4.9588794354349375e-05
4.954850737703964e-05
0.00028845577617175877
4.954850737703964e-05
0.00016457879974041134
7.548087160103023e-05
4.954850737703964e-05
4.9588794354349375e-05
0.00012509734369814396
7.548087160103023e-05
0.0002880347892642021
7.548087160103023e-05
0.00016477461031172425
4.954850737703964e-05
4.9588794354349375e-05
0.00034711346961557865
4.9588794354349375e-05
8.388605237996671e-06
8.388605237996671e-06
4.954850737703964e-05
0.00016477461031172425
1.0485757229616866e-05
4.9588794354349375e-05
0.0002880347892642021
8.383081876672804e-06
0.00016457879974041134
4.9588794354349375e-05
4.954850737703964e-05
7.548087160103023e-05
4.954850737703964e-05
4.9588794354349375e-05
0.0002880347892642021
0.00016477461031172425
4.954850737703964e-05
2.9053902835585177e-05
0.00020927342120558023
5.0208564061904326e-05
7.549744623247534e-05
0.00023501855321228504
0.00020968751050531864
0.00012514000991359353
7.549744623247534e-05
9.084035991691053e-05
2.913620846811682e-05
0.00012514000991359353
1.556021743454039e-06
0.00020968751050531864
8.383081876672804e-06
3.84852901333943e-05
7.549744623247534e-05
4.9588794354349375e-05
0.00016457879974041134
4.9588794354349375e-05
4.954850737703964e-05
4.9588794354349375e-05
0.00016457879974041134
0.00016477461031172425
8.383081876672804e-06
8.388605237996671e-06
7.548087160103023e-05
0.00012509734369814396
7.549744623247534e-05
8.383081876672804e-06
0.00012514000991359353
4.954850737703964e-05
4.9588794354349375e-05
0.00012509734369814396
0.00028845577617175877
0.00012509734369814396
7.548087160103023e-05
