1.4050220251083374
0.9210687875747681
0.6739904880523682
0.5988130569458008
0.5704126358032227
0.5080198049545288
0.4897133708000183
0.4475361108779907
0.3921535909175873
0.3308810591697693
0.28005242347717285
0.3708915710449219
0.3619697093963623
0.29957547783851624
0.33456939458847046
0.3116631805896759
0.2899712920188904
0.2596678137779236
0.2565610110759735
0.3000773787498474
0.30749595165252686
0.25348401069641113
0.2639613449573517
0.26673758029937744
0.1884901076555252
0.41648367047309875
0.25312960147857666
0.2533012628555298
0.21172767877578735
0.19938302040100098
0.24522610008716583
0.2180580347776413
0.17597799003124237
0.1782214343547821
0.15344563126564026
0.1731281280517578
0.15490558743476868
0.1256330907344818
0.19811862707138062
0.20428511500358582
0.1484133005142212
0.17792624235153198
0.2059663087129593
0.16090445220470428
0.15367457270622253
0.1481190025806427
0.15092825889587402
0.13260388374328613
0.140799418091774
0.18085572123527527
0.15730023384094238
0.14444252848625183
0.14618530869483948
0.15670813620090485
0.12613222002983093
0.15122857689857483
0.14080648124217987
0.14881238341331482
0.13232067227363586
0.11936618387699127
0.1890464872121811
0.13906905055046082
0.1625656932592392
1.4286792278289795
0.9014909267425537
1.3489551544189453
0.90433669090271
1.3319687843322754
0.9311633110046387
1.4847040176391602
0.9473945498466492
0.6644856333732605
1.4847040176391602
0.9473945498466492
0.6644856333732605
1.3925772905349731
0.8970332741737366
0.6770060062408447
1.4116857051849365
0.8827705383300781
0.6754498481750488
0.53548264503479
0.5849748849868774
0.5135009288787842
0.5050396919250488
0.41383588314056396
0.3872898817062378
1.4137881994247437
0.8940949440002441
0.5971297025680542
0.4828929603099823
0.5245343446731567
0.5033997297286987
0.4386104941368103
0.44042402505874634
0.37937963008880615
0.32797205448150635
0.2765755355358124
0.3745402693748474
0.33439338207244873
0.3196519613265991
0.2777470052242279
0.26147449016571045
0.3036584258079529
0.24865424633026123
0.23455548286437988
0.26517874002456665
0.26334017515182495
0.23232755064964294
0.22117644548416138
0.2491598278284073
0.17235983908176422
0.3357442021369934
0.28430336713790894
0.19582346081733704
0.21164189279079437
0.20872186124324799
0.22177833318710327
0.2200886756181717
0.14943817257881165
0.17119646072387695
0.12341436743736267
0.1721712052822113
0.1426377296447754
0.12234856933355331
0.18949618935585022
0.1873847246170044
0.16821935772895813
0.17384687066078186
0.18594229221343994
0.13333746790885925
0.11779110133647919
0.13919594883918762
0.13385605812072754
0.13145706057548523
0.1355692744255066
0.14413729310035706
0.17426061630249023
0.21820427477359772
0.26261866092681885
0.21724729239940643
0.15257741510868073
0.1633663773536682
0.1798088252544403
0.13792134821414948
0.16787046194076538
0.18812645971775055
0.25511935353279114
0.19663235545158386
0.1836082488298416
1.4682364463806152
0.960456371307373
0.634788990020752
0.5752942562103271
0.5885517001152039
0.5311679840087891
0.4606684446334839
0.45720940828323364
0.39629417657852173
0.3507803678512573
0.3023504614830017
0.4274147152900696
0.3554838299751282
0.303475558757782
0.3017761707305908
0.28242027759552
0.31154513359069824
0.2629428505897522
0.239967942237854
0.2907049357891083
0.3059875965118408
0.2387293130159378
0.2949655055999756
0.24210253357887268
0.2112749069929123
0.4295505881309509
0.2739996612071991
0.27414703369140625
0.24020779132843018
0.21330565214157104
0.24702894687652588
0.22561529278755188
0.18299813568592072
0.19643095135688782
0.16442498564720154
0.18572553992271423
0.16489824652671814
0.1276523917913437
0.22190037369728088
0.2051883041858673
0.17485180497169495
0.1877502053976059
0.1937243938446045
0.13757868111133575
0.1405516117811203
0.15773539245128632
0.12823885679244995
0.130167156457901
0.14964041113853455
0.163190096616745
0.1558007150888443
0.15122893452644348
0.1839706003665924
0.17063498497009277
0.13040129840373993
0.13252732157707214
0.12935107946395874
0.15544915199279785
0.11767090111970901
0.11928041279315948
0.144781231880188
0.14333075284957886
0.14534488320350647
1.417696237564087
0.8958176374435425
0.5941941738128662
0.5216020345687866
0.5246196985244751
0.5430314540863037
0.43359726667404175
0.41015946865081787
0.37395960092544556
0.32392147183418274
0.26470404863357544
0.36670804023742676
0.33881038427352905
0.3150840699672699
0.28238892555236816
0.27448612451553345
0.28984975814819336
0.26315388083457947
0.23043939471244812
0.26227328181266785
0.26795047521591187
0.23290815949440002
0.2315022498369217
0.23452028632164001
0.17168983817100525
0.35702675580978394
0.284929484128952
0.20541967451572418
0.21025598049163818
0.20732983946800232
0.22149229049682617
0.2054569125175476
0.15600979328155518
0.17693257331848145
0.1351315826177597
0.17243683338165283
0.14839479327201843
0.1414734125137329
0.1862635612487793
0.18852980434894562
0.172737255692482
0.18129852414131165
0.2204122394323349
0.12243238091468811
0.10940881818532944
0.13916374742984772
0.13791631162166595
0.13906943798065186
0.15165971219539642
0.14191366732120514
0.16568218171596527
0.18410624563694
0.234659343957901
0.21765413880348206
0.14172764122486115
0.14138628542423248
0.16102030873298645
0.13794293999671936
0.15822210907936096
0.17077821493148804
0.22564023733139038
0.1814873218536377
0.16429518163204193
1.4672207832336426
1.0003211498260498
0.6773226261138916
0.5831835269927979
0.5888267755508423
0.4899909198284149
0.5038190484046936
0.4628163278102875
0.38184577226638794
0.3542725443840027
0.3015885055065155
0.3906945586204529
0.3604681193828583
0.2973346710205078
0.3057822585105896
0.2911059856414795
0.30047401785850525
0.284382164478302
0.23149728775024414
0.2586948871612549
0.2861233353614807
0.26424553990364075
0.263936311006546
0.2311866581439972
0.19945335388183594
0.4123004376888275
0.2737536132335663
0.3017282783985138
0.20596349239349365
0.19668342173099518
0.2958562970161438
0.20434492826461792
0.17477762699127197
0.21473468840122223
0.16057124733924866
0.2197307050228119
0.15448275208473206
0.14457066357135773
0.2072344273328781
0.1933390498161316
0.19802650809288025
0.18932002782821655
0.22523316740989685
0.1504513919353485
0.14390940964221954
0.16539140045642853
0.11611270904541016
0.1335008591413498
0.16513097286224365
0.1728842854499817
0.17783594131469727
0.14728239178657532
0.15963557362556458
0.21438899636268616
0.12797477841377258
0.13745936751365662
0.12990915775299072
0.13848669826984406
0.10817386209964752
0.1483776867389679
0.16146168112754822
0.1593371033668518
0.172824889421463
1.4682364463806152
0.960456371307373
0.634788990020752
0.5752942562103271
0.5885517001152039
0.5311679840087891
0.4606684446334839
0.45720940828323364
0.39629417657852173
0.3507803678512573
0.3023504614830017
0.4274147152900696
0.3554838299751282
0.303475558757782
0.3017761707305908
0.28242027759552
0.31154513359069824
0.2629428505897522
0.239967942237854
0.2907049357891083
0.3059875965118408
0.2387293130159378
0.2949655055999756
0.24210253357887268
0.2112749069929123
0.4254670739173889
0.27222734689712524
0.2696942090988159
0.2376500368118286
0.21868279576301575
0.23579825460910797
0.22258716821670532
0.1810724437236786
0.1920882910490036
0.16250845789909363
0.18384972214698792
0.16713643074035645
0.121055468916893
0.21961483359336853
0.20577853918075562
0.1883397400379181
0.1868208348751068
0.19348707795143127
0.14137496054172516
0.14319780468940735
0.16346171498298645
0.1318441927433014
0.12801918387413025
0.18490266799926758
0.16976383328437805
0.18041545152664185
0.18085426092147827
0.2608031630516052
0.2610870599746704
0.1462632417678833
0.18154069781303406
0.20647156238555908
0.1852605789899826
0.15191349387168884
0.16859309375286102
0.271892786026001
0.21765922009944916
0.20600838959217072
1.3955636024475098
0.8749682903289795
0.6023776531219482
0.49088913202285767
0.5380873680114746
0.5098299980163574
0.45025938749313354
0.42869141697883606
0.37664684653282166
0.32087329030036926
0.2650843858718872
0.3670801520347595
0.34598302841186523
0.3157469928264618
0.2781040370464325
0.29354536533355713
0.27083081007003784
0.2668479382991791
0.22406741976737976
0.2786848545074463
0.27807024121284485
0.23103941977024078
0.2502084970474243
0.19822876155376434
0.1621093451976776
0.38934311270713806
0.26429831981658936
0.2329026460647583
0.22604955732822418
0.19393600523471832
0.261015921831131
0.2159574031829834
0.17577268183231354
0.1627778559923172
0.14360642433166504
0.1710696518421173
0.1708473265171051
0.13701696693897247
0.21613739430904388
0.1844363510608673
0.15139606595039368
0.1514408141374588
0.18033361434936523
0.14033839106559753
0.14493805170059204
0.13464859127998352
0.13775350153446198
0.10830279439687729
0.1622818112373352
0.138004869222641
0.1523650586605072
0.19200071692466736
0.2563369572162628
0.2694406509399414
0.14756405353546143
0.20699283480644226
0.20815497636795044
0.15923017263412476
0.1532290130853653
0.18193258345127106
0.22524404525756836
0.1911027431488037
0.17042969167232513
1.4682364463806152
1.369523048400879
1.417696237564087
0.8958176374435425
0.5941941738128662
0.5216020345687866
0.5246196985244751
0.5430314540863037
0.43359726667404175
0.41015946865081787
0.37395960092544556
0.32392147183418274
0.26470404863357544
0.36670804023742676
0.33881038427352905
0.3150840699672699
0.28238892555236816
0.27448612451553345
0.28984975814819336
0.26315388083457947
0.23043939471244812
0.26227328181266785
0.26795047521591187
0.23290815949440002
0.2315022498369217
0.23452028632164001
0.17168983817100525
0.35702675580978394
0.284929484128952
0.20541967451572418
0.21025598049163818
0.20732983946800232
0.22149229049682617
0.2054569125175476
0.15600979328155518
0.17693257331848145
0.1351315826177597
0.17243683338165283
0.14839479327201843
0.1414734125137329
0.1862635612487793
0.18852980434894562
0.172737255692482
0.18129852414131165
0.2204122394323349
0.12243238091468811
0.10940881818532944
0.13916374742984772
0.13791631162166595
0.13906943798065186
0.15165971219539642
0.14191366732120514
0.17192342877388
0.2114604115486145
0.26894766092300415
0.2555178999900818
0.14520923793315887
0.14165031909942627
0.18672169744968414
0.13856205344200134
0.18127620220184326
0.16904890537261963
0.2454378455877304
0.22279715538024902
0.1873292624950409
1.4343205690383911
0.9756736159324646
0.6539860963821411
0.5752092003822327
0.5752688050270081
0.47619396448135376
0.4547005295753479
0.4543825387954712
0.38949164748191833
0.3708720803260803
0.27320924401283264
0.38508039712905884
0.3398231863975525
0.3000986576080322
0.3115219175815582
0.27543190121650696
0.30615776777267456
0.25198274850845337
0.2413051724433899
0.2888885736465454
0.2989460825920105
0.24998140335083008
0.2645043730735779
0.25458407402038574
0.17996840178966522
0.47601816058158875
0.27753686904907227
0.2690737843513489
0.22503022849559784
0.2135876715183258
0.2674151062965393
0.23433370888233185
0.1834561824798584
0.18187028169631958
0.16274896264076233
0.17701345682144165
0.1713339388370514
0.12379904836416245
0.2134205549955368
0.19702047109603882
0.16942226886749268
0.1782417595386505
0.19978153705596924
0.13384059071540833
0.1536860466003418
0.15204088389873505
0.12909811735153198
0.14214178919792175
0.14630600810050964
1.4164955615997314
0.8954479098320007
0.5904461741447449
0.48648887872695923
0.545718789100647
0.5092777013778687
0.43711957335472107
0.433588445186615
0.37724268436431885
0.324463427066803
0.27561312913894653
0.3761427104473114
0.32562369108200073
0.31643855571746826
0.2841815948486328
0.2627129554748535
0.29461783170700073
0.23853683471679688
0.24665743112564087
0.256024032831192
0.2660774290561676
0.24246567487716675
0.22313734889030457
0.2369435727596283
0.17396216094493866
0.3318377137184143
0.28150418400764465
0.20572429895401
0.2113347351551056
0.19924083352088928
0.21523180603981018
0.21137869358062744
0.15947550535202026
0.18028031289577484
0.1238757073879242
0.17452511191368103
0.14849844574928284
0.14181070029735565
0.1927061676979065
0.1885974109172821
0.1662120819091797
0.20590025186538696
0.20005649328231812
0.12601055204868317
0.11552973836660385
0.13119147717952728
0.14251966774463654
0.12852886319160461
0.13991457223892212
0.1544540524482727
0.17334504425525665
0.20088456571102142
0.2736288905143738
0.2492847442626953
0.18812879920005798
0.14640021324157715
0.19396311044692993
0.1630059778690338
0.16071368753910065
0.16888569295406342
0.27134037017822266
0.21328485012054443
0.17730852961540222
1.4682364463806152
1.417696237564087
0.8958176374435425
0.5941941738128662
0.5216020345687866
0.5246196985244751
0.5430314540863037
0.43359726667404175
0.41015946865081787
0.37395960092544556
0.32392147183418274
0.26470404863357544
0.36670804023742676
0.33881038427352905
0.3150840699672699
0.28238892555236816
0.27448612451553345
0.28984975814819336
0.26315388083457947
0.23043939471244812
0.26227328181266785
0.26795047521591187
0.23290815949440002
0.2315022498369217
0.23452028632164001
0.17168983817100525
0.35702675580978394
0.284929484128952
0.20541967451572418
0.21025598049163818
0.20732983946800232
0.22149229049682617
0.2054569125175476
0.15600979328155518
0.17693257331848145
0.1351315826177597
0.17243683338165283
0.14839479327201843
0.1414734125137329
0.1862635612487793
0.18852980434894562
0.172737255692482
0.18129852414131165
0.2204122394323349
0.12243238091468811
0.10940881818532944
0.13916374742984772
0.13791631162166595
0.13906943798065186
0.15165971219539642
0.14191366732120514
0.16596907377243042
0.140539288520813
0.18197977542877197
0.1751408725976944
0.12942594289779663
0.12580633163452148
0.12392771244049072
0.1371697634458542
0.12355247139930725
0.14146077632904053
0.16134831309318542
0.14966726303100586
0.12329680472612381
1.4682364463806152
0.960456371307373
0.634788990020752
1.4682364463806152
0.960456371307373
0.634788990020752
1.4194220304489136
0.9410498142242432
0.6434826254844666
1.4682364463806152
0.960456371307373
0.634788990020752
