1.4682364463806152
0.960456371307373
0.634788990020752
0.5752942562103271
0.5885517001152039
0.5311679840087891
0.4606684446334839
0.45720940828323364
0.39629417657852173
0.3507803678512573
0.3023504614830017
0.4274147152900696
0.3554838299751282
0.303475558757782
0.3017761707305908
0.28242027759552
0.31154513359069824
0.2629428505897522
0.239967942237854
0.2907049357891083
0.3059875965118408
0.2387293130159378
0.2949655055999756
0.24210253357887268
0.2112749069929123
0.4254670739173889
0.27222734689712524
0.2696942090988159
0.2376500368118286
0.21868279576301575
0.23579825460910797
0.22258716821670532
0.1810724437236786
0.1920882910490036
0.16250845789909363
0.18384972214698792
0.16713643074035645
0.121055468916893
0.21961483359336853
0.20577853918075562
0.1883397400379181
0.1868208348751068
0.19348707795143127
0.14137496054172516
0.14319780468940735
0.16346171498298645
0.1318441927433014
0.12801918387413025
0.18490266799926758
0.16976383328437805
0.1799507588148117
0.18115854263305664
0.26175448298454285
0.26377755403518677
0.1437854766845703
0.18168866634368896
0.20423874258995056
0.18781690299510956
0.15468382835388184
0.16426312923431396
0.27429234981536865
0.21691277623176575
0.20416384935379028
