4.480288505554199
2.1715304851531982
1.6851375102996826
0.9746339917182922
1.0785129070281982
0.9366194009780884
0.9332094788551331
1.2678945064544678
0.7312738299369812
0.8164780139923096
0.8017327785491943
0.8737146258354187
0.5365304946899414
0.44760361313819885
0.7283186316490173
0.5313246846199036
0.651919960975647
0.48699355125427246
1.0564640760421753
0.3021451234817505
0.64930659532547
0.5959793329238892
0.5101397633552551
0.3887385427951813
0.49921923875808716
1.6322894096374512
1.2894800901412964
0.3596462905406952
0.912828803062439
0.3063638508319855
0.5510290265083313
0.6987183094024658
0.7426145076751709
0.376406729221344
1.1049937009811401
0.5916100144386292
0.8195024132728577
0.2132321447134018
0.23189738392829895
0.8293204307556152
0.865348756313324
0.39301690459251404
0.8750783801078796
0.736805260181427
0.40899693965911865
0.23686745762825012
0.4951700270175934
0.5052211880683899
0.2816082835197449
0.7734691500663757
1.0361623764038086
2.010298013687134
0.2799992263317108
0.4467969834804535
0.3597450256347656
0.24979892373085022
0.3938247561454773
0.575086772441864
1.0378851890563965
0.4021787643432617
0.7528952956199646
0.43250536918640137
0.2794831693172455
4.429943561553955
2.3531911373138428
1.3697360754013062
0.9044506549835205
1.0144449472427368
0.8140912652015686
0.5651130676269531
1.251853585243225
0.7708505988121033
0.7880956530570984
0.7929598093032837
0.8464713096618652
0.43423449993133545
0.5367608070373535
0.8383864760398865
0.5276331901550293
0.7085445523262024
0.5848854780197144
1.1415480375289917
0.3205227851867676
0.6607731580734253
0.6183832287788391
0.5733755826950073
0.37393853068351746
0.5189979076385498
1.4119616746902466
1.541856288909912
0.29144755005836487
1.0763154029846191
0.3388223350048065
0.7249969244003296
0.6704158782958984
0.44843772053718567
0.33749791979789734
1.1211066246032715
0.636337399482727
0.7447564601898193
0.23879890143871307
0.24788863956928253
0.8293835520744324
0.8627267479896545
0.568722128868103
0.5844302773475647
0.6622388958930969
0.3691475987434387
0.23089908063411713
0.4234592616558075
0.552699863910675
0.34390294551849365
0.7516734004020691
1.0298283100128174
2.589158773422241
0.24191534519195557
0.46008092164993286
0.4210609495639801
0.3276779055595398
0.45495808124542236
0.534189760684967
2.4145944118499756
0.2481454610824585
3.518444299697876
0.8361994028091431
0.31818050146102905
